Epoch:	1	2	3	4
TrainTime:	13.71532	27.82024	42.24736	57.16366
Test:	1.533455	1.465066	1.430334	1.404708
TrainError:	0	0	0	0
TrainLoss:	1.575901	1.53886	1.504811	1.474449
